number,x_center,y,num_location,num_fre
1118 1-6:50 45 50 8
1119 1-5:51 45 50 8
1120 1-5:52 45 50 8
1120 6-10:49 45 50 8
1120 11-15:49 45 50 8
1121 1-5:50 50 50 8
1121 6-10:51 50 50 8
1122 1-5:52 50 50 8 ???y=52
1123 1-5:52 50 50 8
1123 6-10:49 50 50 8
1123 11-15:48 50 50 8
1125 1-5:50 55 50 8
1125 6-10:51 55 50 8
1126 1-5:52 55 50 8
1127 1-5:49 55 50 8
1127 6-10:48 55 50 8
1128 1-5:50 60 50 8
1128 6-10:51 60 50 8
1129 1-5:52 60 50 8
1129 6-10:49 60 50 8
1130 1-5:48 60 50 8
1130 6-10:50 65 50 8
1130 11-15:51 65 50 8
1203 1-5:52 65 50 8
1203 6-10:49 65 50 8
1203 11-15:48 65 50 8
1203 16-20:50 70 50 8
1204 1-5:51 70 50 8
1204 6-10:52 70 50 8
1205 1-5:49 70 50 8
1205 6-10:48 70 50 8
1205 11-15:50 75 50 8
1205 16-20:51 75 50 8
1206 1-5:52 75 50 8
1206 6-10:49 75 50 8
1206 11-15:48 75 50 8
1207 1-5:50 80 50 8
1207 6-10:51 80 50 8
1207 11-15:52 80 50 8
1210 1-5:49 80 50 8
1210 6-10:48 80 50 8
1211 1-5:50 85 50 8
1211 6-10:51 85 50 8
1211 11-15:52 85 50 8
1212 1-5:49 85 50 8
1212 6-10:48 85 50 8
1213 1-5:50 90 50 8
1213 6-10:51 90 50 8
1214 1-5:52 90 50 8
1214 6-10:49 90 50 8
1214 11-15:48 90 50 8
1218 1-1:50 88 50 8
1218 2-2:52 88 50 8
1218 3-3:48 88 50 8
1218 4-4:50 82 50 8
1218 5-5:53 82 50 8
1218 6-6:47 82 50 8
1218 7-7:50 77 50 8
1218 8-8:53 77 50 8
1218 9-9:47 77 50 8
1219 1-1:50 73 50 8
1219 2-2:53 73 50 8
1219 3-3:47 73 50 8
1219 4-4:50 68 50 8
1219 5-5:53 68 50 8
1219 6-6:47 68 50 8
1219 7-7:50 62 50 8
1219 8-8:53 62 50 8
1219 9-9:47 62 50 8
1219 10-10:50 57 50 8
1219 11-11:52 57 50 8
1219 12-12:48 57 50 8
1219 13-13:50 51 50 8
1219 14-14:52 51 50 8
1219 15-15:48 51 50 8
1228 1-1:50 85 50 1
1228 2-2:49 85 50 1
1228 3-3:48 85 50 1
1228 4-4:47 85 50 1
1228 5-5:51 85 50 1
1228 6-6:52 85 50 1
1228 7-7:53 85 50 1
1228 8-8:50 75 50 1
1228 9-9:49 75 50 1
1228 10-10:48 75 50 1
1228 11-11:47 75 50 1
1228 12-12:51 75 50 1
1228 13-13:52 75 50 1
1228 14-14:53 75 50 1
1228 15-15:50 65 50 1
1228 16-16:49 65 50 1
1228 17-17:48 65 50 1
1228 18-18:47 65 50 1
1228 19-19:51 65 50 1
1228 20-20:52 65 50 1
1228 21-21:53 65 50 1
1228 22-22:50 55 50 1
1228 23-23:49 55 50 1
1228 24-24:48 55 50 1
1228 25-25:47 55 50 1
1228 26-26:51 55 50 1
1228 27-27:52 55 50 1
1228 28-28:53 55 50 1
1228 29-29:50 45 50 1
1228 30-30:49 45 50 1
1228 31-31:48 45 50 1
1228 32-32:47 45 50 1
1228 33-33:51 45 50 1
1228 34-34:52 45 50 1
1228 35-35:52 45 50 1
1229 1-1:48 80 50 8
1229 2-2:52 80 50 8
1229 3-3:50 77 50 8
1229 4-4:52 77 50 8
1230 1-1:49 71 50 8
1230 2-2:52 71 50 8
1230 3-3:47 68 50 8
1230 4-4:51 68 50 8
1230 5-5:50 62 50 8
1230 6-6:48 62 50 8
1230 7-7:47 58 50 8
1230 8-8:53 58 50 8
1230 9-9:49 52 50 8
1230 10-10:51 52 50 8
1230 11-11:48 48 50 8
1230 12-12:52 48 50 8
0109 1-1:50 50 50 1
0109 2-2:51 50 50 1
0109 3-3:52 50 50 1
0109 4-4:49 50 50 1
0109 5-5:48 50 50 1
0109 6-6:50 55 50 1
0109 7-7:51 55 50 1
0109 8-8:52 55 50 1
0109 9-9:49 55 50 1
0109 10-10:48 55 50 1
0109 11-11:50 60 50 1
0109 12-12:51 60 50 1
0109 13-13:52 60 50 1
0109 14-14:49 60 50 1
0109 15-15:48 60 50 1
0109 16-16:50 65 50 1
0109 17-17:51 65 50 1
0109 18-18:52 65 50 1
0109 19-19:49 65 50 1
0109 20-20:48 65 50 1
0109 21-21:50 70 50 1
0109 22-22:51 70 50 1
0109 23-23:52 70 50 1
0109 24-24:49 70 50 1
0109 25-25:48 70 50 1
0109 26-26:50 75 50 1
0109 27-27:51 75 50 1
0109 28-28:52 75 50 1
0109 29-29:49 75 50 1
0109 30-30:48 75 50 1
0109 31-31:50 80 50 1
0109 32-32:51 80 50 1
0109 33-33:53 80 50 1
0109 34-34:49 80 50 1
0109 35-35:47 80 50 1
0109 36-36:50 85 50 1
0109 37-37:52 85 50 1
0109 38-38:53 85 50 1
0109 39-39:48 85 50 1
0109 40-40:47 85 50 1
0110 1-1:50 82 50 8
0110 2-2:52 82 50 8
0110 3-3:49 77 50 8
0110 4-4:47 77 50 8
0110 5-5:50 72 50 8
0110 6-6:53 72 50 8
0110 7-7:53 67 50 8
0110 8-8:47 67 50 8
0110 9-9:50 62 50 8
0110 10-10:47 62 50 8
0110 11-11:51 59 50 8
0110 12-12:48 59 50 8
0110 13-13:53 53 50 8
0110 14-14:47 53 50 8
0110 15-15:51 48 50 8
0110 16-16:49 48 50 8
0114 1-1:50 90 50 1
0114 2-2:51 90 50 1
0114 3-3:49 90 50 1
0114 4-4:48 90 50 1
0114 5-5:50 85 50 1
0114 6-6:52 85 50 1
0114 7-7:54 85 50 1
0114 8-8:48 85 50 1
0114 9-9:51 80 50 1
0114 10-10:52 80 50 1
0114 11-11:49 80 50 1
0114 12-12:47 80 50 1
0114 13-13:48 75 50 1
0114 14-14:46 75 50 1
0114 15-15:52 75 50 1
0114 16-16:53 75 50 1
0114 17-17:50 70 50 1
0114 18-18:46 70 50 1
0114 19-19:51 70 50 1
0114 20-20:53 70 50 1
0115 1-1:50 65 50 1
0115 2-2:49 65 50 1
0115 3-3:47 65 50 1
0115 4-4:52 65 50 1
0115 5-5:51 60 50 1
0115 6-6:54 60 50 1
0115 7-7:48 60 50 1
0115 8-8:47 60 50 1
0115 9-9:50 55 50 1
0115 10-10:52 55 50 1
0115 11-11:53 55 50 1
0115 12-12:49 55 50 1
0115 13-13:51 50 50 1
0115 14-14:53 50 50 1
0115 15-15:48 50 50 1
0115 16-16:46 50 50 1
0115 17-17:50 45 50 1
0115 18-18:52 45 50 1
0115 19-19:49 45 50 1
0115 20-20:47 45 50 1
0115 21-21:50 47 50 8
0115 22-22:50 53 50 8
0115 23-23:50 57 50 8
0115 24-24:50 64 50 8
0115 25-25:50 67 50 8
0115 26-26:50 73 50 8
0115 27-27:50 78 50 8
0115 28-28:50 82 50 8
0115 29-29:50 86 50 8
0116 1-1:50 43.3 50 1
0116 2-2:49 43.3 50 1
0116 3-3:48 43.3 50 1
0116 4-4:52 43.3 50 1
0116 5-5:51 48.6 50 1
0116 6-6:52 48.6 50 1
0116 7-7:53 48.6 50 1
0116 8-8:49 48.6 50 1
0116 9-9:50 53.7 50 1
0116 10-10:48 53.7 50 1
0116 11-11:47 53.7 50 1
0116 12-12:52 53.7 50 1
0116 13-13:50 58.8 50 1
0116 14-14:49 58.8 50 1
0116 15-15:47 58.8 50 1
0116 16-16:52 58.8 50 1
0116 17-17:50 63.9 50 1
0116 18-18:48 63.9 50 1
0116 19-19:51 63.9 50 1
0116 20-20:53 63.9 50 1
0118 1-1:50 62 50 8
0118 2-2:50 57 50 8
0118 3-3:50 52 50 8
0118 4-4:50 47 50 8
0126 1-1:50 75.6 50 8 8
0126 2-2:50 65.5 50 8 8
0126 3-3:50 56.6 50 8 8
0126 4-4:50 44.7 50 8 8
0126 5-5:50 45.7 50 8 10
0126 6-6:50 53 50 8 10
0126 7-7:50 63.2 50 8 10
0126 8-8:50 73 50 8 10
0127 1-1:50 72.3 50 8 6
0127 2-2:50 63 50 8 6
0127 3-3:50 56.3 50 8 6
0127 4-4:50 47.2 50 8 6
0127 5-5:50 48.4 50 8 4
0127 6-6:50 58.2 50 8 4
0127 7-7:50 67.5 50 8 4
0127 8-8:50 76.6 50 8 4
0129 1-1:50 80.6 50 1 4
0129 2-2:49 80.6 50 1 4
0129 3-3:51 80.6 50 1 4
0129 4-4:49 75.3 50 1 4
0129 5-5:48 75.3 50 1 4
0129 6-6:51 75.3 50 1 4
0129 7-7:50 69.6 50 1 4
0129 8-8:51 69.6 50 1 4
0129 9-9:49 69.6 50 1 4
0129 10-10:50 64.9 50 1 4
0129 11-11:49 64.9 50 1 4
0129 12-12:52 64.9 50 1 4
0129 13-13:50 60.6 50 1 4
0129 14-14:48 60.6 50 1 4
0129 15-15:52 60.6 50 1 4
0129 16-16:49 55.4 50 1 4
0129 17-17:48 55.4 50 1 4
0129 18-18:51 55.4 50 1 4
0129 19-19:50 50.1 50 1 4
0129 20-20:48 50.1 50 1 4
0129 21-21:52 50.1 50 1 4
0129 22-22:50 44.9 50 1 4
0129 23-23:51 44.9 50 1 4
0129 24-24:49 44.9 50 1 4
0129 25-25:50 45.6 50 1 6
0129 26-26:49 45.6 50 1 6
0129 27-27:51 45.6 50 1 6
0129 28-28:50 50.7 50 1 6
0129 29-29:48 50.7 50 1 6
0129 30-30:52 50.7 50 1 6
0129 31-31:50 54.7 50 1 6
0129 32-32:47 54.7 50 1 6
0129 33-33:53 54.7 50 1 6
0129 34-34:50 60.7 50 1 6
0129 35-35:48 60.7 50 1 6
0129 36-36:51 60.7 50 1 6
0129 37-37:50 65.3 50 1 6
0129 38-38:52 65.3 50 1 6
0129 39-39:49 65.3 50 1 6
0129 40-40:50 69.8 50 1 6
0129 41-41:47 69.8 50 1 6
0129 42-42:52 69.8 50 1 6
0129 43-43:50 75.7 50 1 6
0129 44-44:53 75.7 50 1 6
0129 45-45:48 75.7 50 1 6
0129 46-46:50 80.4 50 1 6
0129 47-47:49 80.4 50 1 6
0129 48-48:51 80.4 50 1 6
0130 1-1:51 80.7 50 1 8
0130 2-2:50 80.7 50 1 8
0130 3-3:49 80.7 50 1 8
0130 4-4:48 75.0 50 1 8
0130 5-5:47 75.0 50 1 8
0130 6-6:52 75.0 50 1 8
0130 7-7:50 69.4 50 1 8
0130 8-8:49 69.4 50 1 8
0130 9-9:51 69.4 50 1 8
0130 10-10:49 65.1 50 1 8
0130 11-11:52 65.1 50 1 8
0130 12-12:53 65.1 50 1 8
0130 13-13:50 60 50 1 8
0130 14-14:49 60 50 1 8
0130 15-15:52 60 50 1 8
0130 16-16:48 55 50 1 8
0130 17-17:52 55 50 1 8
0130 18-18:53 55 50 1 8
0130 19-19:50 50.2 50 1 8
0130 20-20:48 50.2 50 1 8
0130 21-21:52 50.2 50 1 8
0130 22-22:48 45 50 1 8
0130 23-23:52 45 50 1 8
0130 24-24:53 45 50 1 8
0130 25-25:48 45.3 50 1 10
0130 26-26:52 45.3 50 1 10
0130 27-27:53 45.3 50 1 10
0130 28-28:50 50 50 1 10
0130 29-29:49 50 50 1 10
0130 30-30:51 50 50 1 10
0130 31-31:49 55 50 1 10
0130 32-32:51 55 50 1 10
0130 33-33:52 55 50 1 10
0130 34-34:50 60.3 50 1 10
0130 35-35:48 60.3 50 1 10
0130 36-36:52 60.3 50 1 10
0130 37-37:49 65 50 1 10
0130 38-38:47 65 50 1 10
0130 39-39:52 65 50 1 10
0130 40-40:50 70 50 1 10
0130 41-41:47 70 50 1 10
0130 42-42:53 70 50 1 10
0130 43-43:50 75 50 1 10
0130 44-44:49 75 50 1 10
0130 45-45:51 75 50 1 10
0130 46-46:50 80 50 1 10
0130 47-47:48 80 50 1 10
0130 48-48:52 80 50 1 10